1 18
272523671 
4 371722054 -1225974892 
4 519046253 430630695 
2 -1039771877 -629842796 71341056
3 1431957666 750431589 174347223
1 -1152754068 -216892548 424226158
4 -837592569 -234578544 
3 -1336604195 -102472697 491711788
1 -1486682510 -1338226137 275754236
4 1281216695 1387515503 
4 1557394602 -1184406301 
2 -1391364196 -632417371 965137350
4 42006303 1514630990 
2 1844666789 -701541556 662455272
4 1278027758 430526333 
2 1373196623 1798065946 150605080
2 1064859318 778977806 388438000
1 -1494606584 -577449553 3067760
4 389216682 875869769 
